63 0.305469 0.841667 0.130729 0.0833333 0.250401
56 0.982813 0.887963 0.0333333 0.0851852 0.254093
56 0.984635 0.641204 0.0296875 0.075 0.29375
56 0.773698 0.671296 0.0786458 0.0944444 0.294273
56 0.0190104 0.851389 0.0380208 0.0509259 0.297702
56 0.461458 0.917593 0.166667 0.0944444 0.305701
56 0.77526 0.747222 0.0755208 0.0648148 0.310972
56 0.960677 0.740741 0.0786458 0.062963 0.352754
0 0.626823 0.634259 0.0932292 0.209259 0.409189
56 0.0221354 0.930093 0.0442708 0.119444 0.419378
56 0.822396 0.810185 0.121875 0.0740741 0.425295
63 0.770573 0.671296 0.0734375 0.0962963 0.428636
0 0.380729 0.651852 0.078125 0.194444 0.522034
0 0.0375 0.773148 0.0739583 0.207407 0.523965
0 0.50625 0.643056 0.0739583 0.206481 0.534223
56 0.909635 0.891667 0.150521 0.0962963 0.552059
56 0.939844 0.808333 0.120312 0.0777778 0.554543
56 0.86224 0.743519 0.109896 0.0592593 0.585785
56 0.610417 0.908333 0.145833 0.0907407 0.604074
0 0.570312 0.724537 0.142708 0.286111 0.628796
63 0.466406 0.827315 0.0734375 0.0601852 0.667604
0 0.70625 0.715741 0.116667 0.266667 0.674101
56 0.759375 0.893519 0.141667 0.0888889 0.677801
0 0.140365 0.679167 0.117188 0.223148 0.684897
63 0.142969 0.758333 0.0817708 0.0777778 0.738132
0 0.286979 0.655093 0.13125 0.258333 0.740702
0 0.420573 0.725463 0.146354 0.247222 0.76383
63 0.276302 0.750926 0.0901042 0.0888889 0.772475
0 0.926823 0.628704 0.0776042 0.164815 0.802604
0 0.847656 0.611111 0.113021 0.203704 0.815995
0 0.0419271 0.685185 0.0828125 0.261111 0.822693
