56 0.976562 0.763426 0.046875 0.062037 0.253802
0 0.7625 0.643519 0.0770833 0.17963 0.25903
13 0.414062 0.952315 0.321875 0.0953704 0.25991
56 0.961458 0.846296 0.0770833 0.0944444 0.260108
0 0.848698 0.568981 0.0609375 0.137963 0.267676
0 0.359115 0.663426 0.0723958 0.0638889 0.300968
56 0.601042 0.860648 0.122917 0.0916667 0.31187
56 0.861458 0.853704 0.11875 0.0944444 0.323566
56 0.641927 0.949074 0.174479 0.0981481 0.357822
0 0.652865 0.633333 0.0734375 0.187037 0.405342
0 0.179948 0.616667 0.0505208 0.168519 0.410855
0 0.527344 0.594907 0.0682292 0.139815 0.415351
0 0.276823 0.60463 0.0796875 0.187037 0.487766
56 0.209896 0.875463 0.128125 0.102778 0.512961
0 0.360677 0.619444 0.0817708 0.140741 0.523704
0 0.448438 0.601852 0.0989583 0.168519 0.554268
0 0.114844 0.581944 0.0588542 0.152778 0.569666
0 0.147396 0.670833 0.08125 0.184259 0.613113
0 0.03125 0.690741 0.0614583 0.242593 0.621752
63 0.446094 0.665278 0.0692708 0.0675926 0.662342
0 0.828906 0.700926 0.138021 0.211111 0.663502
63 0.358073 0.668981 0.0703125 0.0564815 0.698367
0 0.57474 0.7 0.119271 0.224074 0.727806
0 0.711979 0.70787 0.101042 0.206481 0.734649
0 0.0822917 0.733796 0.116667 0.189815 0.766594
0 0.238802 0.706944 0.167187 0.236111 0.870859
