0 0.622656 0.64537 0.0671875 0.164815 0.252265
56 0.0294271 0.865741 0.0494792 0.0518519 0.274761
0 0.40651 0.578241 0.107813 0.167593 0.293134
0 0.703646 0.566667 0.0489583 0.103704 0.297848
56 0.96901 0.751852 0.0619792 0.0611111 0.379735
56 0.620833 0.919907 0.147917 0.0935185 0.39122
0 0.580729 0.762037 0.129167 0.238889 0.43022
56 0.875781 0.756019 0.114063 0.0583333 0.470503
0 0.382552 0.661111 0.0796875 0.212963 0.471481
56 0.0294271 0.94213 0.0578125 0.110185 0.474025
63 0.782031 0.681944 0.0859375 0.0935185 0.486034
56 0.947656 0.822685 0.104687 0.0805556 0.51345
0 0.53151 0.680556 0.0859375 0.237037 0.574245
56 0.922135 0.90463 0.151562 0.1 0.604055
56 0.833594 0.823611 0.115104 0.0675926 0.607619
0 0.716927 0.731944 0.124479 0.249074 0.635954
56 0.775 0.906018 0.14375 0.0990741 0.639449
0 0.0510417 0.707407 0.09375 0.266667 0.672267
0 0.296615 0.660648 0.128646 0.24537 0.675244
0 0.15 0.686574 0.105208 0.206481 0.68976
63 0.48099 0.841667 0.0807292 0.062963 0.69779
63 0.288542 0.766204 0.090625 0.0916667 0.701029
0 0.944531 0.643981 0.0838542 0.158333 0.718209
63 0.155208 0.772685 0.0895833 0.075 0.777774
0 0.435156 0.755556 0.142188 0.233333 0.780467
0 0.863021 0.624537 0.110417 0.206481 0.810427
