0 0.630469 0.759259 0.240104 0.257407 0.258312
56 0.991146 0.647685 0.0177083 0.0601852 0.271494
63 0.781771 0.684722 0.0854167 0.0916667 0.286788
41 0.932552 0.755556 0.0171875 0.05 0.291986
0 0.528646 0.676389 0.0958333 0.223148 0.296869
56 0.0291667 0.867593 0.0489583 0.0518519 0.310059
56 0.782292 0.682407 0.084375 0.0944444 0.354283
56 0.988802 0.702315 0.0223958 0.0398148 0.355391
56 0.969271 0.75 0.0614583 0.0611111 0.359629
0 0.573698 0.766667 0.116146 0.235185 0.389226
56 0.623698 0.923148 0.149479 0.0944444 0.416094
0 0.68776 0.569444 0.0723958 0.122222 0.417791
56 0.875521 0.756944 0.113542 0.0564815 0.421963
56 0.0291667 0.942593 0.0572917 0.107407 0.469009
56 0.946354 0.823148 0.107292 0.0796296 0.507449
56 0.833854 0.824537 0.115625 0.0675926 0.597357
56 0.922396 0.906944 0.153125 0.100926 0.599106
0 0.383073 0.6625 0.0734375 0.206481 0.607551
0 0.720312 0.731481 0.119792 0.244444 0.619904
0 0.296615 0.668981 0.134896 0.258333 0.660349
56 0.775521 0.908796 0.144792 0.0990741 0.67298
0 0.0450521 0.774074 0.0901042 0.244444 0.680812
63 0.480469 0.84213 0.0765625 0.062037 0.709399
63 0.285677 0.765741 0.0911458 0.0907407 0.71995
0 0.940104 0.641204 0.0791667 0.163889 0.741225
63 0.155208 0.775 0.0885417 0.0740741 0.761197
0 0.435417 0.756481 0.14375 0.231481 0.778382
0 0.155469 0.688889 0.113021 0.205556 0.788356
0 0.863802 0.626852 0.109896 0.207407 0.817214
