56 0.961458 0.846759 0.0770833 0.0953704 0.257438
56 0.153646 0.788889 0.0541667 0.0685185 0.275237
56 0.411458 0.952315 0.320833 0.0953704 0.294612
56 0.0786458 0.881944 0.13125 0.087963 0.295399
0 0.758594 0.637963 0.0703125 0.185185 0.297357
0 0.848437 0.568519 0.0614583 0.137037 0.298148
56 0.976823 0.763426 0.0463542 0.062037 0.300817
0 0.284375 0.605093 0.0645833 0.163889 0.300858
0 0.18099 0.616667 0.0515625 0.164815 0.325617
41 0.151562 0.72963 0.0177083 0.0574074 0.328746
0 0.64974 0.633796 0.0786458 0.165741 0.341433
0 0.532031 0.64537 0.0671875 0.187037 0.372071
56 0.642708 0.949074 0.173958 0.0981481 0.385273
56 0.861458 0.854167 0.11875 0.0935185 0.387067
56 0.601823 0.860648 0.122396 0.0935185 0.409025
0 0.11224 0.593056 0.0640625 0.178704 0.413025
0 0.361198 0.619907 0.0838542 0.139815 0.499991
63 0.358594 0.668519 0.0713542 0.0555556 0.578211
0 0.448958 0.600463 0.102083 0.169444 0.584643
0 0.154427 0.670833 0.0744792 0.186111 0.59422
56 0.207552 0.873148 0.123438 0.103704 0.608284
0 0.579167 0.700463 0.107292 0.226852 0.676153
0 0.0325521 0.695833 0.0651042 0.24537 0.680229
63 0.448438 0.666204 0.0666667 0.0657407 0.688651
0 0.828906 0.704167 0.138021 0.202778 0.722369
0 0.71224 0.711111 0.102604 0.203704 0.743304
0 0.242969 0.716667 0.128646 0.22037 0.771115
0 0.0799479 0.715741 0.107813 0.218519 0.812178
