13 0.411719 0.952315 0.311979 0.0953704 0.251053
63 0.448438 0.609259 0.0958333 0.172222 0.258225
56 0.974219 0.763426 0.0515625 0.0638889 0.259094
0 0.646875 0.630093 0.08125 0.176852 0.285009
56 0.0760417 0.884722 0.125 0.0842593 0.287482
0 0.272656 0.60787 0.0817708 0.19537 0.289997
0 0.758333 0.639352 0.078125 0.187963 0.295491
0 0.904167 0.576852 0.071875 0.122222 0.312516
56 0.603646 0.862963 0.126042 0.0907407 0.316508
56 0.861979 0.853704 0.117708 0.0944444 0.351198
56 0.641406 0.948611 0.171354 0.0972222 0.372126
0 0.114063 0.593056 0.0645833 0.180556 0.376367
56 0.153646 0.788889 0.053125 0.0685185 0.379641
0 0.53125 0.644907 0.0666667 0.186111 0.401603
0 0.18151 0.611111 0.0494792 0.148148 0.405535
0 0.360156 0.618056 0.0838542 0.136111 0.440233
63 0.358333 0.669907 0.0708333 0.0564815 0.570085
56 0.206771 0.874074 0.121875 0.101852 0.577767
0 0.447656 0.600463 0.100521 0.173148 0.592034
0 0.578906 0.699537 0.106771 0.223148 0.630677
0 0.15651 0.670833 0.0828125 0.187963 0.632195
63 0.447135 0.666667 0.0692708 0.0685185 0.65152
0 0.711458 0.714352 0.102083 0.193519 0.679188
0 0.03125 0.695833 0.0614583 0.243519 0.679756
0 0.829427 0.697685 0.134896 0.217593 0.705514
0 0.240365 0.725 0.129688 0.216667 0.72876
0 0.0802083 0.718982 0.10625 0.215741 0.80009
