0 0.904948 0.575926 0.0682292 0.12963 0.250317
56 0.961458 0.846759 0.0770833 0.0953704 0.252831
56 0.600521 0.860648 0.122917 0.0935185 0.280881
56 0.976823 0.763889 0.0463542 0.062963 0.288129
0 0.65 0.624074 0.0770833 0.174074 0.301722
0 0.760677 0.641204 0.0723958 0.176852 0.304889
41 0.151302 0.72963 0.0171875 0.0574074 0.30987
0 0.27526 0.606481 0.0796875 0.175926 0.316948
56 0.642448 0.949074 0.172396 0.0962963 0.327005
0 0.18099 0.619907 0.0505208 0.167593 0.33778
0 0.117188 0.591204 0.0614583 0.167593 0.342414
56 0.861458 0.854167 0.11875 0.0935185 0.362231
0 0.530729 0.646759 0.065625 0.186111 0.372175
0 0.360677 0.618981 0.0838542 0.137963 0.462934
0 0.45 0.602315 0.096875 0.175 0.544202
63 0.357292 0.669907 0.0708333 0.0546296 0.584303
0 0.153385 0.672222 0.0744792 0.187037 0.59387
56 0.206771 0.873611 0.123958 0.102778 0.601348
0 0.579427 0.700926 0.107813 0.227778 0.625073
0 0.0315104 0.692593 0.0619792 0.244444 0.657802
63 0.448177 0.666204 0.0671875 0.0675926 0.681416
0 0.828906 0.704167 0.136979 0.202778 0.696308
0 0.711719 0.711574 0.102604 0.202778 0.736096
0 0.240885 0.719444 0.128646 0.222222 0.750365
0 0.0804688 0.716204 0.106771 0.223148 0.814344
