56 0.153385 0.788426 0.0536458 0.0675926 0.250874
0 0.903906 0.577315 0.0703125 0.123148 0.255174
0 0.358594 0.665741 0.0713542 0.0611111 0.256298
56 0.961979 0.846759 0.0760417 0.0953704 0.260982
41 0.151562 0.72963 0.0177083 0.0574074 0.277853
0 0.647135 0.626389 0.0786458 0.175 0.309714
0 0.760677 0.640741 0.0755208 0.183333 0.321395
56 0.976302 0.763889 0.0473958 0.0611111 0.328312
56 0.861979 0.853704 0.11875 0.0925926 0.335979
56 0.641927 0.949074 0.172396 0.0962963 0.343298
56 0.601302 0.861111 0.121354 0.0925926 0.348163
0 0.274219 0.593982 0.0828125 0.19537 0.372824
0 0.18151 0.61713 0.0494792 0.160185 0.401316
0 0.360677 0.617593 0.0838542 0.137037 0.401455
0 0.114323 0.591667 0.0619792 0.174074 0.422268
0 0.53125 0.647222 0.0677083 0.190741 0.424977
0 0.448698 0.601389 0.101562 0.171296 0.550393
56 0.207292 0.874074 0.122917 0.103704 0.573583
63 0.358073 0.668981 0.0713542 0.0564815 0.632935
0 0.579687 0.7 0.107292 0.225926 0.633438
0 0.155208 0.673148 0.0760417 0.188889 0.641497
63 0.447656 0.666204 0.0661458 0.0657407 0.643099
0 0.0315104 0.694907 0.0619792 0.243519 0.65472
0 0.829427 0.697685 0.135937 0.221296 0.707139
0 0.711979 0.713426 0.103125 0.197222 0.722148
0 0.241406 0.725463 0.127604 0.213889 0.735399
0 0.0796875 0.719444 0.107292 0.214815 0.80113
