63 0.449219 0.606481 0.0953125 0.174074 0.253579
0 0.359375 0.655093 0.0760417 0.075 0.258182
0 0.279427 0.611574 0.0703125 0.165741 0.267776
56 0.961719 0.846759 0.0765625 0.0953704 0.268526
41 0.151562 0.72963 0.0166667 0.0574074 0.27321
56 0.977083 0.763889 0.0458333 0.0611111 0.304864
56 0.642969 0.949537 0.172396 0.0972222 0.326313
0 0.180729 0.621296 0.0510417 0.172222 0.329428
56 0.601823 0.860648 0.123438 0.0953704 0.349683
0 0.648958 0.630556 0.0802083 0.162963 0.359641
0 0.53099 0.648148 0.0661458 0.177778 0.395844
0 0.114844 0.599074 0.0588542 0.177778 0.42369
56 0.861458 0.853704 0.11875 0.0925926 0.424877
0 0.360156 0.618519 0.0848958 0.137037 0.476205
63 0.357812 0.668519 0.0708333 0.0537037 0.565556
56 0.207031 0.875 0.123438 0.1 0.587922
0 0.448177 0.600926 0.101562 0.17037 0.588841
0 0.153385 0.669907 0.0765625 0.186111 0.609364
0 0.579167 0.7 0.107292 0.225926 0.63353
63 0.447917 0.665278 0.06875 0.0657407 0.638097
0 0.828906 0.708796 0.135937 0.197222 0.645163
0 0.0317708 0.691204 0.0625 0.237963 0.645776
0 0.7125 0.708796 0.102083 0.208333 0.731341
0 0.242188 0.719444 0.127083 0.224074 0.73442
0 0.0796875 0.717593 0.105208 0.216667 0.800522
