56 0.985156 0.70463 0.0296875 0.0537037 0.250542
56 0.356771 0.781018 0.115625 0.0805556 0.255775
63 0.278906 0.663889 0.0369792 0.0592593 0.26385
56 0.651042 0.720833 0.0479167 0.0564815 0.293962
56 0.961458 0.846759 0.0770833 0.0953704 0.314832
56 0.410156 0.952315 0.321354 0.0953704 0.317423
0 0.279687 0.6 0.071875 0.168519 0.321937
56 0.729167 0.858333 0.132292 0.0888889 0.330944
0 0.647135 0.628241 0.0828125 0.162037 0.331188
56 0.976823 0.763426 0.0463542 0.062037 0.353953
0 0.534115 0.641204 0.0692708 0.191667 0.372203
0 0.181771 0.621296 0.0520833 0.175926 0.373608
56 0.641927 0.948148 0.172396 0.103704 0.420841
56 0.156771 0.790278 0.0447917 0.062037 0.44156
0 0.115365 0.592593 0.0630208 0.175926 0.44683
56 0.860937 0.854167 0.11875 0.0935185 0.464285
56 0.601823 0.860648 0.123438 0.0935185 0.501404
56 0.207031 0.875 0.122396 0.1 0.55602
0 0.360677 0.620833 0.0848958 0.141667 0.556176
63 0.358073 0.669444 0.0703125 0.0555556 0.558622
0 0.155469 0.669907 0.0828125 0.187963 0.568773
0 0.448958 0.600926 0.101042 0.17037 0.615335
0 0.03125 0.69213 0.0614583 0.241667 0.668166
0 0.579427 0.701852 0.107813 0.225926 0.671329
0 0.828385 0.708333 0.141146 0.198148 0.675192
63 0.447656 0.666204 0.0661458 0.0675926 0.682251
0 0.71276 0.711111 0.101562 0.201852 0.763093
0 0.0838542 0.712963 0.114583 0.224074 0.817787
0 0.239323 0.718518 0.126563 0.218519 0.823876
