56 0.969531 0.751852 0.0609375 0.062963 0.251908
56 0.988281 0.702315 0.0234375 0.0398148 0.257237
63 0.78125 0.68287 0.0854167 0.0972222 0.268106
0 0.245052 0.642593 0.0598958 0.211111 0.285501
41 0.929948 0.753704 0.0182292 0.0537037 0.299764
0 0.528385 0.679167 0.0921875 0.223148 0.31202
56 0.782031 0.681944 0.0848958 0.0953704 0.316975
63 0.634375 0.691667 0.0416667 0.0740741 0.31742
0 0.618229 0.648611 0.0708333 0.167593 0.318006
56 0.990885 0.647685 0.0182292 0.0601852 0.344764
0 0.408854 0.658333 0.122917 0.201852 0.386475
56 0.621094 0.920833 0.151562 0.0916667 0.387985
56 0.0304688 0.944907 0.0609375 0.106481 0.445931
0 0.575781 0.753704 0.134896 0.25 0.454126
56 0.872917 0.757407 0.1125 0.0574074 0.474254
56 0.945573 0.824074 0.108854 0.0796296 0.538688
56 0.832292 0.823611 0.115625 0.0657407 0.564961
56 0.920313 0.906482 0.153125 0.1 0.583915
56 0.772656 0.908796 0.143229 0.0972222 0.603051
0 0.292969 0.668981 0.136979 0.256481 0.668334
0 0.145573 0.693981 0.107813 0.212037 0.689657
0 0.053125 0.693981 0.0833333 0.243519 0.698327
0 0.716406 0.731019 0.119271 0.250926 0.703122
63 0.478646 0.841204 0.078125 0.0638889 0.703167
0 0.0380208 0.773148 0.075 0.262963 0.703201
63 0.285677 0.766667 0.0869792 0.0888889 0.722623
0 0.938802 0.643519 0.0807292 0.164815 0.746439
0 0.432292 0.751852 0.141667 0.22963 0.781537
63 0.154427 0.773611 0.0838542 0.0768519 0.801771
0 0.859115 0.624537 0.106771 0.208333 0.80264
