0 0.921615 0.525463 0.0671875 0.217593 0.257147
56 0.961198 0.846296 0.0776042 0.0962963 0.270134
0 0.179427 0.613426 0.0484375 0.165741 0.273095
56 0.976302 0.763426 0.0473958 0.062037 0.321891
56 0.154948 0.788889 0.0453125 0.062963 0.327723
56 0.279687 0.662037 0.034375 0.0611111 0.330538
56 0.861458 0.853704 0.11875 0.0925926 0.347485
56 0.641146 0.948148 0.175 0.0962963 0.348596
56 0.601302 0.861111 0.122396 0.0907407 0.354641
0 0.527083 0.596296 0.071875 0.135185 0.37667
0 0.276563 0.599537 0.0802083 0.176852 0.38355
56 0.20651 0.877315 0.122396 0.0990741 0.493431
0 0.114323 0.583333 0.0578125 0.15 0.4987
0 0.360938 0.620833 0.0833333 0.141667 0.532572
0 0.829167 0.702315 0.1375 0.208333 0.561487
0 0.151823 0.668981 0.0890625 0.180556 0.577755
0 0.03125 0.689352 0.0625 0.241667 0.602543
0 0.448177 0.599537 0.101562 0.171296 0.616273
63 0.357812 0.668981 0.0697917 0.0583333 0.62499
63 0.446875 0.665278 0.0677083 0.0675926 0.69003
0 0.71224 0.70787 0.102604 0.208333 0.719281
0 0.574479 0.699074 0.11875 0.224074 0.73425
0 0.0846354 0.732407 0.113021 0.190741 0.751106
0 0.236719 0.720833 0.130729 0.217593 0.793856
