56 0.41224 0.952315 0.317187 0.0953704 0.251578
63 0.279687 0.668056 0.0354167 0.0694444 0.285069
0 0.177865 0.608333 0.0484375 0.15 0.319127
56 0.604167 0.862963 0.122917 0.087037 0.323951
56 0.973698 0.763889 0.0526042 0.0648148 0.331681
56 0.28151 0.668056 0.0369792 0.0712963 0.34593
0 0.527604 0.596759 0.06875 0.139815 0.355463
56 0.640104 0.948611 0.172917 0.0972222 0.424092
0 0.113021 0.587037 0.0625 0.155556 0.438401
0 0.274479 0.59537 0.084375 0.168519 0.447211
56 0.207031 0.877315 0.122396 0.0990741 0.458313
56 0.860156 0.853241 0.120312 0.0953704 0.464802
0 0.360156 0.619907 0.0838542 0.139815 0.515086
0 0.152344 0.668519 0.0869792 0.177778 0.58227
0 0.0317708 0.689815 0.0625 0.238889 0.583707
0 0.829427 0.706019 0.135937 0.208333 0.615283
63 0.357292 0.669444 0.0697917 0.0574074 0.635795
0 0.447396 0.598611 0.0989583 0.182407 0.667495
63 0.448177 0.664352 0.0671875 0.0675926 0.67076
0 0.574479 0.698611 0.119792 0.221296 0.716675
0 0.71224 0.709259 0.102604 0.207407 0.721706
0 0.0809896 0.735185 0.118229 0.188889 0.729154
0 0.235677 0.718518 0.130729 0.22037 0.791646
