0 0.154687 0.768056 0.0979167 0.0861111 0.273925
0 0.660417 0.673148 0.06875 0.157407 0.28233
56 0.620833 0.917593 0.147917 0.0907407 0.299064
41 0.929427 0.750463 0.0182292 0.0546296 0.308908
63 0.028125 0.864815 0.0489583 0.0518519 0.320286
56 0.946615 0.821296 0.106771 0.0777778 0.339914
0 0.564844 0.755556 0.111979 0.242593 0.353976
56 0.0304688 0.943519 0.0609375 0.111111 0.372676
0 0.686458 0.564352 0.0677083 0.117593 0.389998
56 0.873438 0.753704 0.113542 0.0592593 0.406453
0 0.514844 0.664815 0.0901042 0.22963 0.536696
56 0.920833 0.904167 0.154167 0.0972222 0.559546
56 0.833854 0.821759 0.117708 0.0675926 0.582875
56 0.773958 0.906018 0.142708 0.0972222 0.591441
0 0.38724 0.667593 0.0869792 0.2 0.615553
0 0.715365 0.731019 0.120312 0.252778 0.654251
0 0.0518229 0.698148 0.0880208 0.246296 0.666408
63 0.474479 0.839815 0.0802083 0.0648148 0.677932
63 0.285677 0.762963 0.0963542 0.0888889 0.691956
0 0.0372396 0.768519 0.0734375 0.251852 0.713313
0 0.939583 0.636111 0.0802083 0.172222 0.720606
63 0.152865 0.772222 0.100521 0.0740741 0.72272
0 0.860417 0.622222 0.107292 0.205556 0.795942
0 0.161198 0.706481 0.122396 0.2 0.80158
0 0.286979 0.671296 0.144792 0.266667 0.827339
0 0.434635 0.754167 0.140104 0.241667 0.840099
