0 0.263802 0.649537 0.0786458 0.143519 0.250804
56 0.732292 0.862037 0.136458 0.0833333 0.252186
56 0.64974 0.72037 0.0473958 0.0574074 0.253528
56 0.279687 0.665741 0.034375 0.0703704 0.264748
56 0.961719 0.846759 0.0765625 0.0953704 0.280721
56 0.0796875 0.885648 0.119792 0.0805556 0.2828
0 0.761198 0.641204 0.0734375 0.182407 0.283718
56 0.976302 0.763426 0.0473958 0.062037 0.315213
56 0.641406 0.949537 0.171354 0.0972222 0.338953
0 0.649219 0.619907 0.0880208 0.178704 0.344652
0 0.179688 0.615278 0.0489583 0.163889 0.354774
56 0.861458 0.853704 0.117708 0.0944444 0.365291
0 0.284115 0.605556 0.0640625 0.17037 0.378534
56 0.601302 0.860648 0.123438 0.0953704 0.401995
0 0.533073 0.638426 0.0682292 0.199074 0.40906
0 0.115625 0.587037 0.0645833 0.166667 0.504078
0 0.361198 0.620833 0.0838542 0.141667 0.54178
63 0.357812 0.668981 0.0708333 0.0564815 0.55912
0 0.448698 0.600926 0.100521 0.17037 0.620765
0 0.829167 0.704167 0.138542 0.206481 0.624198
0 0.0304688 0.689815 0.0598958 0.238889 0.640129
56 0.20599 0.876852 0.121354 0.0981481 0.641576
0 0.155469 0.668981 0.0901042 0.186111 0.643321
0 0.578906 0.701852 0.108854 0.225926 0.64983
63 0.447917 0.666667 0.0677083 0.0666667 0.661091
0 0.711979 0.7125 0.102083 0.199074 0.713045
0 0.236719 0.724074 0.141146 0.222222 0.761574
0 0.0833333 0.721296 0.117708 0.212963 0.814319
