0 0.846875 0.566667 0.0625 0.137037 0.258336
56 0.15 0.788889 0.0354167 0.062963 0.275787
56 0.279948 0.662037 0.0369792 0.0592593 0.281217
0 0.359115 0.658333 0.0765625 0.0740741 0.282797
56 0.861458 0.853704 0.11875 0.0944444 0.284598
0 0.528646 0.620833 0.065625 0.180556 0.290928
56 0.411719 0.951852 0.321354 0.0962963 0.299569
56 0.642708 0.948148 0.169792 0.103704 0.319338
0 0.179948 0.612963 0.0505208 0.161111 0.390507
56 0.601562 0.861111 0.121875 0.0944444 0.405462
0 0.650781 0.627315 0.0817708 0.171296 0.408316
0 0.278646 0.603241 0.075 0.178704 0.434685
56 0.20625 0.875926 0.122917 0.1 0.512534
0 0.360156 0.619907 0.0848958 0.141667 0.536061
0 0.115104 0.578704 0.0635417 0.148148 0.591606
0 0.148698 0.668519 0.0838542 0.183333 0.61265
0 0.829167 0.698611 0.1375 0.213889 0.619877
0 0.449479 0.601852 0.096875 0.172222 0.631368
63 0.448177 0.666667 0.0682292 0.0648148 0.633775
0 0.576563 0.698148 0.111458 0.22963 0.638131
63 0.357031 0.669444 0.0703125 0.0574074 0.647876
0 0.03125 0.690741 0.0614583 0.242593 0.651469
0 0.711719 0.7125 0.101562 0.200926 0.737241
0 0.0830729 0.73287 0.114063 0.191667 0.775269
0 0.23151 0.705556 0.139062 0.246296 0.850144
