56 0.96849 0.750926 0.0630208 0.0611111 0.268853
56 0.0278646 0.865278 0.0473958 0.0509259 0.271908
56 0.988542 0.697685 0.0229167 0.0398148 0.277903
63 0.781771 0.681019 0.0854167 0.0953704 0.278294
56 0.168229 0.934722 0.179167 0.110185 0.289496
56 0.782292 0.680556 0.084375 0.0925926 0.297972
0 0.688021 0.563426 0.0677083 0.113889 0.334982
56 0.624219 0.919444 0.156771 0.0944444 0.414435
56 0.875 0.755556 0.110417 0.0592593 0.43126
0 0.525521 0.673611 0.090625 0.232407 0.438774
56 0.0296875 0.943056 0.059375 0.112037 0.470226
56 0.946615 0.822685 0.106771 0.0805556 0.476051
0 0.0528646 0.706019 0.0859375 0.243519 0.50653
0 0.716667 0.72963 0.123958 0.246296 0.547456
56 0.833594 0.823611 0.115104 0.0675926 0.548457
56 0.922396 0.906018 0.154167 0.102778 0.602154
56 0.77474 0.906482 0.144271 0.1 0.656351
63 0.286719 0.762037 0.100521 0.0888889 0.661506
0 0.0388021 0.768981 0.0765625 0.250926 0.66854
0 0.58151 0.750926 0.136979 0.253704 0.670994
63 0.479427 0.839815 0.0776042 0.062963 0.692158
0 0.388281 0.664815 0.0890625 0.201852 0.697707
63 0.152865 0.771296 0.0963542 0.0759259 0.741672
0 0.939844 0.637037 0.0786458 0.17037 0.748356
0 0.163542 0.705093 0.122917 0.197222 0.786206
0 0.861719 0.624074 0.107813 0.207407 0.794488
0 0.288021 0.671296 0.147917 0.266667 0.815136
0 0.435937 0.753241 0.140625 0.234259 0.82289
