0 0.748698 0.606481 0.0390625 0.087037 0.250488
0 0.627083 0.636574 0.078125 0.19537 0.255836
56 0.988021 0.637963 0.0229167 0.0648148 0.27512
56 0.0265625 0.932407 0.053125 0.114815 0.290536
63 0.152865 0.83287 0.128646 0.0805556 0.292617
63 0.0442708 0.7625 0.053125 0.0935185 0.303566
56 0.870833 0.745833 0.111458 0.0583333 0.315712
56 0.934115 0.85463 0.129688 0.125926 0.330387
56 0.832552 0.814352 0.126563 0.0731481 0.341979
0 0.517708 0.660185 0.071875 0.235185 0.372972
63 0.779427 0.669907 0.0828125 0.0972222 0.400653
56 0.94349 0.814352 0.113021 0.0824074 0.443347
56 0.61849 0.910648 0.149479 0.0898148 0.508098
56 0.771354 0.897685 0.142708 0.0898148 0.522124
0 0.939323 0.631944 0.0848958 0.167593 0.550407
0 0.395312 0.652778 0.0989583 0.190741 0.563519
56 0.916406 0.893519 0.152604 0.0925926 0.575536
0 0.0533854 0.685648 0.0838542 0.249074 0.625257
0 0.580729 0.725926 0.1375 0.292593 0.641648
0 0.713802 0.72037 0.117188 0.262963 0.65419
63 0.476562 0.82963 0.08125 0.062963 0.655184
0 0.0382813 0.758796 0.0755208 0.249074 0.667851
63 0.152344 0.765278 0.0859375 0.0731481 0.669039
0 0.14349 0.685185 0.105729 0.218519 0.674542
0 0.29375 0.661111 0.121875 0.264815 0.746377
63 0.283854 0.756481 0.0875 0.0888889 0.779016
0 0.858594 0.616204 0.107813 0.206481 0.784675
0 0.431771 0.736574 0.141667 0.25463 0.8327
