56 0.985937 0.701389 0.028125 0.0435185 0.26701
0 0.655469 0.741204 0.252604 0.276852 0.286554
0 0.661458 0.663426 0.0729167 0.173148 0.308851
56 0.620313 0.920833 0.147917 0.0935185 0.373383
0 0.704427 0.571759 0.0515625 0.106481 0.380088
56 0.988802 0.647685 0.0213542 0.0638889 0.394013
56 0.0328125 0.943519 0.065625 0.107407 0.399247
56 0.873698 0.756944 0.111979 0.0583333 0.421089
0 0.529167 0.687037 0.0729167 0.231481 0.456628
0 0.40026 0.661111 0.104687 0.190741 0.459124
56 0.947135 0.823148 0.105729 0.0777778 0.499502
0 0.714583 0.733796 0.125 0.249074 0.503878
56 0.920833 0.906944 0.154167 0.102778 0.530737
56 0.772135 0.909259 0.142188 0.0981481 0.567248
56 0.832552 0.823148 0.116146 0.0666667 0.585727
0 0.579687 0.750926 0.1375 0.264815 0.630014
0 0.936198 0.639815 0.0776042 0.17037 0.640758
63 0.479427 0.840741 0.0765625 0.0611111 0.641409
0 0.298438 0.666204 0.127083 0.258333 0.656056
0 0.0533854 0.697222 0.0817708 0.248148 0.679421
0 0.0390625 0.770833 0.0770833 0.256481 0.710979
63 0.285156 0.765741 0.0880208 0.0888889 0.740548
0 0.150781 0.691667 0.109896 0.212963 0.744774
0 0.432813 0.753241 0.142708 0.230556 0.781452
0 0.860417 0.624537 0.107292 0.208333 0.797099
63 0.154687 0.774537 0.0854167 0.075 0.804617
