56 0.969531 0.753241 0.0609375 0.0583333 0.250528
41 0.23099 0.775926 0.0296875 0.0574074 0.312243
56 0.0286458 0.86713 0.0479167 0.0527778 0.327038
56 0.988021 0.702315 0.0239583 0.0416667 0.370436
0 0.523438 0.677778 0.084375 0.235185 0.389396
63 0.782292 0.682407 0.084375 0.0944444 0.399245
56 0.873958 0.757407 0.111458 0.0574074 0.437645
56 0.621094 0.920833 0.146354 0.0935185 0.439906
56 0.0291667 0.942593 0.0572917 0.109259 0.44926
0 0.0424479 0.773611 0.0848958 0.249074 0.457498
56 0.945833 0.823611 0.108333 0.0787037 0.523552
0 0.397917 0.660185 0.101042 0.196296 0.540431
56 0.921354 0.90787 0.154167 0.102778 0.544631
0 0.580469 0.753241 0.142188 0.25463 0.571129
56 0.832812 0.824074 0.113542 0.0666667 0.596366
56 0.77474 0.90787 0.143229 0.0972222 0.636564
0 0.717188 0.731944 0.120833 0.250926 0.639186
0 0.0502604 0.694444 0.0963542 0.246296 0.679057
63 0.479167 0.84213 0.0802083 0.0638889 0.684003
0 0.150781 0.689815 0.104687 0.203704 0.708123
0 0.940104 0.642593 0.08125 0.164815 0.711868
0 0.295052 0.664815 0.134896 0.255556 0.71413
63 0.285937 0.766204 0.0885417 0.0898148 0.742129
63 0.155208 0.772685 0.0854167 0.0731481 0.779593
0 0.434115 0.755556 0.142188 0.233333 0.804278
0 0.8625 0.625463 0.108333 0.208333 0.816193
