0 0.657812 0.741204 0.244792 0.280556 0.25665
56 0.988542 0.701389 0.0229167 0.0416667 0.266862
0 0.701563 0.569444 0.0552083 0.107407 0.279433
56 0.989583 0.646296 0.0197917 0.062963 0.297034
56 0.0291667 0.864815 0.0479167 0.0518519 0.313647
63 0.781771 0.679167 0.084375 0.0972222 0.357991
56 0.96849 0.749537 0.0630208 0.0601852 0.373307
56 0.0309896 0.94213 0.0609375 0.108333 0.381676
56 0.87474 0.755556 0.114063 0.0574074 0.436595
0 0.398438 0.658333 0.0989583 0.194444 0.461407
0 0.515885 0.669907 0.0859375 0.225 0.469403
56 0.623177 0.92037 0.151562 0.0944444 0.482702
56 0.946875 0.822222 0.10625 0.0814815 0.486588
0 0.578385 0.751389 0.134896 0.258333 0.544416
0 0.716406 0.731944 0.122396 0.247222 0.569091
56 0.833073 0.823611 0.115104 0.0675926 0.57197
56 0.920573 0.904167 0.151562 0.100926 0.62225
56 0.772656 0.906944 0.141146 0.0972222 0.638031
0 0.0479167 0.706019 0.0875 0.269444 0.671109
63 0.477344 0.839815 0.0817708 0.0648148 0.705289
0 0.148438 0.691667 0.104167 0.212963 0.720695
0 0.939844 0.643519 0.0786458 0.162963 0.730316
63 0.285937 0.764352 0.0885417 0.0898148 0.735564
0 0.29375 0.664815 0.132292 0.266667 0.771258
63 0.155208 0.772222 0.0875 0.0759259 0.786918
0 0.861198 0.623611 0.108854 0.210185 0.799448
0 0.433333 0.753704 0.141667 0.233333 0.801019
