56 0.989844 0.65 0.0203125 0.0592593 0.254122
56 0.0317708 0.947685 0.0635417 0.0990741 0.258666
0 0.592448 0.677778 0.0567708 0.138889 0.259646
0 0.748438 0.613889 0.040625 0.0796296 0.260572
56 0.156771 0.935185 0.160417 0.111111 0.278194
56 0.615625 0.922685 0.159375 0.0935185 0.296899
0 0.638021 0.744444 0.2375 0.272222 0.308916
56 0.832292 0.825463 0.115625 0.0657407 0.313852
56 0.98724 0.70463 0.0255208 0.0388889 0.314408
41 0.929688 0.758333 0.0177083 0.0537037 0.322709
63 0.3625 0.790278 0.0291667 0.0694444 0.34713
63 0.779688 0.687037 0.0822917 0.0962963 0.361756
0 0.559896 0.768056 0.1 0.228704 0.375771
56 0.776823 0.912037 0.149479 0.0981481 0.441159
0 0.51901 0.669907 0.0859375 0.202778 0.447418
0 0.717188 0.738426 0.120833 0.25463 0.502862
0 0.685938 0.577315 0.0760417 0.125 0.514836
56 0.946875 0.826389 0.10625 0.0731481 0.531574
0 0.385417 0.672222 0.0864583 0.2 0.557661
56 0.919271 0.910648 0.159375 0.100926 0.597699
63 0.283333 0.772222 0.090625 0.0888889 0.679437
63 0.476562 0.846296 0.0770833 0.0648148 0.683199
0 0.0372396 0.77963 0.0723958 0.251852 0.693589
63 0.151302 0.777315 0.102604 0.0805556 0.711344
0 0.0463542 0.703241 0.0916667 0.24537 0.756768
0 0.160417 0.715278 0.123958 0.197222 0.785279
0 0.936979 0.644907 0.0791667 0.165741 0.795983
0 0.439583 0.747222 0.138542 0.257407 0.814947
0 0.285156 0.676389 0.145313 0.263889 0.822597
0 0.859375 0.630556 0.107292 0.205556 0.824535
