56 0.691667 0.774074 0.0864583 0.0611111 0.264843
56 0.684896 0.714352 0.0697917 0.0675926 0.276224
56 0.960938 0.844444 0.078125 0.0962963 0.280993
0 0.438542 0.631481 0.0770833 0.203704 0.285269
56 0.865365 0.658333 0.0796875 0.0444444 0.288475
0 0.276823 0.639815 0.0682292 0.161111 0.28873
56 0.984896 0.702778 0.0302083 0.0537037 0.289033
0 0.657812 0.629167 0.0645833 0.186111 0.304567
0 0.814844 0.573611 0.0848958 0.132407 0.344739
56 0.926302 0.707407 0.0953125 0.0537037 0.345098
56 0.796615 0.949074 0.168229 0.1 0.34678
56 0.208333 0.874074 0.125 0.101852 0.353935
63 0.683854 0.710185 0.0697917 0.0666667 0.354008
56 0.902604 0.764352 0.108333 0.0712963 0.373917
0 0.720052 0.655556 0.100521 0.166667 0.400348
0 0.208073 0.553241 0.0671875 0.112037 0.403079
56 0.603646 0.859259 0.127083 0.0962963 0.446726
56 0.976302 0.7625 0.0473958 0.062037 0.447901
0 0.589844 0.712037 0.118229 0.209259 0.464066
56 0.791667 0.770833 0.1 0.0694444 0.474317
56 0.640885 0.948611 0.169271 0.0972222 0.491518
63 0.521875 0.658796 0.053125 0.0824074 0.508745
63 0.176823 0.621296 0.0609375 0.0722222 0.515771
56 0.146354 0.788426 0.0364583 0.0601852 0.519146
56 0.858594 0.85 0.120312 0.0962963 0.536832
56 0.73099 0.85463 0.135937 0.1 0.609524
0 0.0328125 0.687963 0.0625 0.27037 0.668592
0 0.141927 0.667593 0.0703125 0.17963 0.714515
0 0.470573 0.716667 0.105729 0.205556 0.786271
0 0.0807292 0.724074 0.102083 0.205556 0.80217
0 0.338281 0.709259 0.0994792 0.22963 0.819684
0 0.226562 0.712963 0.139583 0.22963 0.824551
