0 0.363542 0.598148 0.075 0.177778 0.256399
0 0.438802 0.633333 0.0734375 0.196296 0.262335
0 0.905469 0.583333 0.0682292 0.125926 0.263589
56 0.868229 0.658333 0.071875 0.0444444 0.265703
56 0.984896 0.703241 0.0302083 0.0527778 0.271098
56 0.960156 0.843982 0.0796875 0.0953704 0.273422
0 0.277865 0.638889 0.0661458 0.155556 0.277334
56 0.684115 0.711111 0.0692708 0.0666667 0.281672
0 0.756771 0.578241 0.0520833 0.115741 0.291145
56 0.208073 0.874074 0.125521 0.101852 0.295981
0 0.659896 0.619907 0.06875 0.180556 0.306493
0 0.205729 0.554167 0.0552083 0.113889 0.314377
56 0.794531 0.949074 0.172396 0.1 0.31892
0 0.816667 0.573148 0.084375 0.133333 0.330867
56 0.92526 0.707407 0.0932292 0.0555556 0.357115
56 0.902604 0.763889 0.108333 0.0722222 0.371347
56 0.146354 0.787037 0.0364583 0.0592593 0.399627
56 0.972917 0.7625 0.0541667 0.0638889 0.411812
0 0.589063 0.713889 0.119792 0.209259 0.434868
0 0.0190104 0.750926 0.0380208 0.155556 0.468714
56 0.604427 0.859259 0.126563 0.0944444 0.469403
56 0.858594 0.849074 0.121354 0.0962963 0.473642
63 0.683854 0.710185 0.071875 0.0666667 0.483192
56 0.791406 0.769907 0.0994792 0.0694444 0.515397
56 0.640885 0.949074 0.168229 0.0981481 0.522163
63 0.177604 0.624537 0.0572917 0.0712963 0.545756
63 0.521354 0.659259 0.0447917 0.0777778 0.554936
0 0.0393229 0.649537 0.0713542 0.20463 0.556913
0 0.726823 0.653704 0.0901042 0.168519 0.607735
56 0.731771 0.854167 0.133333 0.0990741 0.627675
0 0.141927 0.668056 0.0713542 0.182407 0.690471
0 0.08125 0.725463 0.1 0.206481 0.785976
0 0.33776 0.710648 0.0994792 0.225 0.811133
0 0.470573 0.711574 0.106771 0.219444 0.812963
0 0.226302 0.714352 0.139062 0.226852 0.813307
