56 0.934115 0.944907 0.131771 0.108333 0.271317
56 0.683333 0.711574 0.06875 0.0694444 0.272512
0 0.28099 0.638889 0.0630208 0.153704 0.283675
0 0.757552 0.576852 0.0536458 0.114815 0.288703
0 0.909896 0.591204 0.075 0.149074 0.290026
0 0.438542 0.621296 0.0729167 0.174074 0.294461
0 0.659896 0.618519 0.06875 0.174074 0.31525
56 0.865885 0.658333 0.0776042 0.05 0.316092
56 0.41224 0.950926 0.316146 0.0981481 0.320583
56 0.207813 0.875463 0.123958 0.102778 0.323724
0 0.815104 0.574537 0.084375 0.136111 0.326843
0 0.364062 0.596296 0.075 0.185185 0.346192
56 0.902865 0.763889 0.110937 0.0703704 0.366186
56 0.795573 0.949537 0.169271 0.100926 0.368558
0 0.205729 0.555556 0.0604167 0.118519 0.379083
56 0.961198 0.843982 0.0776042 0.0972222 0.383918
56 0.926042 0.70787 0.0927083 0.0546296 0.395419
56 0.603125 0.858796 0.127083 0.0953704 0.412544
56 0.984635 0.702778 0.0307292 0.0518519 0.413671
0 0.590625 0.712963 0.121875 0.207407 0.433104
63 0.683073 0.710648 0.0703125 0.0694444 0.441414
56 0.974219 0.7625 0.0515625 0.062037 0.466681
0 0.0182292 0.742593 0.0364583 0.175926 0.471406
56 0.145313 0.787037 0.0375 0.0592593 0.488525
56 0.641667 0.949074 0.167708 0.0981481 0.497011
56 0.791667 0.769907 0.1 0.0694444 0.504425
63 0.521875 0.660185 0.04375 0.0796296 0.547726
63 0.177604 0.622222 0.0604167 0.0703704 0.552602
56 0.858594 0.849537 0.120312 0.0972222 0.556215
0 0.726042 0.653704 0.090625 0.17037 0.572364
0 0.0390625 0.644444 0.0677083 0.192593 0.601323
56 0.732292 0.85463 0.133333 0.1 0.638576
0 0.142448 0.6625 0.0692708 0.171296 0.71946
0 0.472135 0.716667 0.108854 0.207407 0.751179
0 0.0807292 0.724537 0.103125 0.208333 0.786487
0 0.227604 0.714815 0.145833 0.235185 0.80036
0 0.33724 0.710185 0.101562 0.227778 0.809675
