56 0.623958 0.901389 0.15 0.160185 0.25527
56 0.683594 0.716204 0.0692708 0.0694444 0.265027
56 0.690625 0.773148 0.0895833 0.062963 0.26815
0 0.434635 0.6125 0.0713542 0.169444 0.269984
0 0.758073 0.577315 0.0546875 0.115741 0.27743
56 0.982292 0.706019 0.0354167 0.0564815 0.281299
56 0.866406 0.657407 0.0765625 0.0481481 0.292282
56 0.960156 0.843982 0.0796875 0.0953704 0.315733
0 0.813802 0.575463 0.0869792 0.130556 0.321837
0 0.27474 0.630556 0.0713542 0.162963 0.329271
0 0.367448 0.629167 0.0692708 0.147222 0.331719
56 0.4125 0.951389 0.317708 0.0972222 0.334082
63 0.68151 0.711574 0.0671875 0.0657407 0.347138
0 0.207031 0.554167 0.0588542 0.112037 0.347648
0 0.657812 0.631019 0.0666667 0.191667 0.359819
56 0.925781 0.706944 0.0953125 0.0546296 0.367883
56 0.976302 0.7625 0.0473958 0.062037 0.36911
56 0.79349 0.949537 0.175521 0.100926 0.370205
56 0.898438 0.765278 0.110417 0.0712963 0.377333
56 0.147396 0.786111 0.0364583 0.0648148 0.383321
56 0.603125 0.858796 0.129167 0.0953704 0.411
0 0.720052 0.65463 0.102604 0.168519 0.422709
0 0.561979 0.715278 0.065625 0.199074 0.451825
63 0.519792 0.661111 0.0520833 0.0759259 0.466678
0 0.615104 0.70463 0.0802083 0.218519 0.473153
56 0.858594 0.85 0.120312 0.0962963 0.50044
56 0.642187 0.948611 0.165625 0.0972222 0.503445
56 0.791406 0.769907 0.0984375 0.0675926 0.512026
63 0.177344 0.622685 0.0598958 0.0694444 0.558862
0 0.0322917 0.677778 0.0625 0.262963 0.59981
56 0.73151 0.854167 0.134896 0.0990741 0.608403
0 0.141927 0.668056 0.0703125 0.180556 0.708289
0 0.08125 0.724537 0.103125 0.206481 0.798385
0 0.467969 0.712037 0.110937 0.218519 0.814149
0 0.226562 0.712037 0.140625 0.231481 0.819272
0 0.33776 0.709259 0.0994792 0.225926 0.821683
