56 0.691667 0.773611 0.0875 0.062037 0.25172
0 0.367448 0.627778 0.0703125 0.142593 0.260615
56 0.932292 0.64537 0.0447917 0.0759259 0.264534
56 0.208073 0.874537 0.126563 0.100926 0.26889
0 0.276302 0.638426 0.0682292 0.158333 0.315072
56 0.683333 0.711111 0.0677083 0.0666667 0.3297
56 0.795313 0.949074 0.172917 0.1 0.333175
0 0.657292 0.631481 0.065625 0.187037 0.347299
56 0.984375 0.703241 0.03125 0.0527778 0.370819
0 0.8125 0.575 0.090625 0.137037 0.381153
56 0.866406 0.658796 0.0786458 0.0453704 0.382435
0 0.20651 0.556019 0.0651042 0.115741 0.382562
0 0.902083 0.58287 0.0729167 0.141667 0.388258
0 0.616406 0.704167 0.0765625 0.217593 0.39056
56 0.92474 0.706944 0.0911458 0.0564815 0.397323
56 0.900781 0.768981 0.106771 0.0712963 0.400413
0 0.563542 0.715278 0.0708333 0.199074 0.409098
0 0.720573 0.655093 0.100521 0.167593 0.411976
56 0.960677 0.843982 0.0786458 0.0972222 0.412119
56 0.146354 0.7875 0.0375 0.0601852 0.429366
63 0.682813 0.710185 0.0677083 0.0685185 0.464554
63 0.51875 0.658796 0.0520833 0.0657407 0.467763
56 0.604167 0.859259 0.128125 0.0944444 0.475215
56 0.976302 0.762037 0.0473958 0.062963 0.483555
56 0.640104 0.949074 0.169792 0.0981481 0.501275
63 0.177865 0.623611 0.0598958 0.0694444 0.508232
56 0.791406 0.77037 0.0984375 0.0685185 0.552411
56 0.858594 0.849537 0.121354 0.0972222 0.575372
0 0.0325521 0.681944 0.0630208 0.263889 0.61907
56 0.730469 0.853704 0.136979 0.1 0.637354
0 0.141927 0.666204 0.0703125 0.178704 0.714553
0 0.0809896 0.724537 0.101562 0.206481 0.775225
0 0.470573 0.715741 0.104687 0.205556 0.786668
0 0.33776 0.709259 0.0994792 0.227778 0.807582
0 0.226562 0.713426 0.140625 0.228704 0.814556
