0 0.438542 0.62963 0.0729167 0.192593 0.252023
56 0.691667 0.773148 0.084375 0.0592593 0.261707
0 0.364062 0.597685 0.0739583 0.175 0.270717
0 0.279167 0.643981 0.0677083 0.162037 0.293015
56 0.867188 0.658333 0.075 0.0462963 0.29588
56 0.683854 0.712037 0.0708333 0.0685185 0.304235
0 0.757031 0.577778 0.0526042 0.114815 0.306256
0 0.206771 0.555556 0.05625 0.114815 0.306806
0 0.658854 0.621296 0.0677083 0.17963 0.311377
56 0.802865 0.949074 0.158854 0.101852 0.328441
56 0.959635 0.843518 0.0807292 0.0944444 0.332477
56 0.208333 0.875 0.125 0.101852 0.337028
56 0.984635 0.702778 0.0307292 0.0537037 0.342943
56 0.925521 0.70787 0.0927083 0.0546296 0.347746
56 0.902604 0.764352 0.107292 0.0712963 0.35817
63 0.682813 0.709259 0.0708333 0.0666667 0.399455
0 0.585938 0.714352 0.1125 0.210185 0.418699
0 0.816406 0.573611 0.0869792 0.134259 0.432019
56 0.976823 0.762963 0.0463542 0.062963 0.43786
56 0.145313 0.787963 0.0364583 0.0611111 0.442419
0 0.0190104 0.750463 0.0380208 0.156481 0.480392
56 0.604427 0.859259 0.125521 0.0944444 0.49227
56 0.858073 0.849537 0.122396 0.0972222 0.505742
56 0.791146 0.769907 0.0989583 0.0675926 0.523764
56 0.639844 0.948611 0.167187 0.0972222 0.550915
63 0.51849 0.658333 0.0484375 0.0648148 0.554767
0 0.0395833 0.65 0.0708333 0.205556 0.565785
0 0.725521 0.653241 0.09375 0.171296 0.574475
63 0.177083 0.623611 0.0583333 0.0694444 0.587655
56 0.73099 0.85463 0.131771 0.1 0.646133
0 0.142188 0.66713 0.0708333 0.178704 0.711114
0 0.470573 0.713889 0.109896 0.212963 0.790504
0 0.0817708 0.724537 0.1 0.206481 0.79635
0 0.3375 0.710185 0.1 0.224074 0.802471
0 0.226042 0.713889 0.139583 0.227778 0.813405
