56 0.960677 0.843982 0.0786458 0.0972222 0.254179
0 0.363542 0.598611 0.0739583 0.173148 0.259054
0 0.438021 0.62963 0.0708333 0.190741 0.278234
0 0.757292 0.577778 0.0520833 0.114815 0.280356
56 0.982552 0.705556 0.0348958 0.0555556 0.283925
56 0.683594 0.711111 0.0692708 0.0666667 0.286182
0 0.814062 0.575463 0.0822917 0.132407 0.290939
56 0.925781 0.706944 0.0942708 0.0546296 0.306249
0 0.659635 0.626389 0.0661458 0.189815 0.311079
56 0.795313 0.949537 0.170833 0.100926 0.325704
56 0.4125 0.951852 0.3125 0.0962963 0.332026
56 0.867188 0.659259 0.071875 0.0462963 0.341401
56 0.976823 0.762037 0.0463542 0.062963 0.352431
0 0.274219 0.639815 0.0692708 0.159259 0.362655
56 0.901823 0.764815 0.111979 0.0703704 0.364492
0 0.204948 0.554167 0.0588542 0.115741 0.369782
56 0.208333 0.874537 0.127083 0.100926 0.387637
0 0.590625 0.713426 0.121875 0.208333 0.440295
56 0.145313 0.7875 0.0364583 0.0601852 0.443904
63 0.682813 0.710185 0.0708333 0.0666667 0.454718
56 0.858854 0.849537 0.120833 0.0972222 0.455378
56 0.603906 0.859259 0.126563 0.0944444 0.465868
56 0.791146 0.769907 0.0989583 0.0694444 0.48186
56 0.640625 0.949074 0.167708 0.0981481 0.501534
63 0.176823 0.621759 0.0588542 0.0712963 0.512958
0 0.0192708 0.751389 0.0385417 0.158333 0.532169
0 0.726562 0.653704 0.0916667 0.168519 0.579543
63 0.521094 0.658333 0.0442708 0.0666667 0.587206
56 0.730729 0.853704 0.134375 0.1 0.609362
0 0.0393229 0.644907 0.0713542 0.193519 0.629109
0 0.142448 0.665741 0.0703125 0.177778 0.723082
0 0.0815104 0.725463 0.0984375 0.206481 0.801753
0 0.22526 0.714815 0.139062 0.224074 0.809397
0 0.470833 0.713426 0.105208 0.215741 0.810236
0 0.33724 0.711574 0.100521 0.225 0.826156
