0 0.643229 0.668981 0.0895833 0.236111 0.252778
56 0.691667 0.773148 0.084375 0.0592593 0.26015
0 0.438021 0.624537 0.0729167 0.178704 0.265478
0 0.757552 0.577778 0.0536458 0.114815 0.270434
56 0.683854 0.7125 0.0697917 0.0694444 0.271252
56 0.866146 0.658333 0.0770833 0.0481481 0.288018
0 0.363802 0.59537 0.0755208 0.183333 0.288564
0 0.659635 0.623611 0.0692708 0.186111 0.304909
0 0.908333 0.585648 0.0708333 0.137963 0.313343
56 0.960156 0.843982 0.0796875 0.0972222 0.315122
56 0.923698 0.70787 0.0921875 0.0546296 0.321341
0 0.279687 0.640278 0.0614583 0.156481 0.322228
0 0.814323 0.575 0.0848958 0.133333 0.345009
56 0.902344 0.764815 0.107813 0.0722222 0.357646
0 0.206771 0.553704 0.0625 0.114815 0.374203
56 0.795573 0.949537 0.171354 0.100926 0.375768
56 0.984635 0.703241 0.0307292 0.0527778 0.383785
0 0.617969 0.706481 0.0776042 0.212963 0.391951
56 0.207292 0.875926 0.125 0.101852 0.422526
63 0.683073 0.710648 0.0713542 0.0675926 0.424792
0 0.564583 0.716204 0.0729167 0.202778 0.425231
56 0.976042 0.762037 0.0479167 0.062963 0.43614
63 0.176563 0.622685 0.0604167 0.0731481 0.468292
56 0.146875 0.7875 0.0354167 0.0583333 0.481526
0 0.0192708 0.748611 0.0385417 0.162037 0.513573
56 0.603646 0.858796 0.126042 0.0935185 0.516931
56 0.858854 0.85 0.120833 0.0962963 0.526292
56 0.791406 0.769907 0.0994792 0.0694444 0.529713
56 0.639063 0.948611 0.171875 0.0990741 0.547817
63 0.520573 0.659722 0.0473958 0.0805556 0.556096
0 0.727083 0.65463 0.0916667 0.17037 0.600006
56 0.730469 0.854167 0.133854 0.0990741 0.628626
0 0.0393229 0.640741 0.0703125 0.187037 0.637184
0 0.142708 0.667593 0.0697917 0.17963 0.711599
0 0.471094 0.712963 0.105729 0.218519 0.800718
0 0.0820312 0.725 0.0984375 0.207407 0.802666
0 0.226042 0.714352 0.139583 0.226852 0.814559
0 0.33776 0.710185 0.0994792 0.227778 0.815976
