0 0.277344 0.643981 0.0671875 0.158333 0.25051
0 0.207031 0.55463 0.0567708 0.112963 0.260895
0 0.758073 0.578241 0.0546875 0.115741 0.263975
56 0.208073 0.874537 0.125521 0.100926 0.268354
63 0.80651 0.608796 0.0765625 0.0638889 0.27201
0 0.909375 0.592593 0.075 0.15 0.287443
56 0.684115 0.7125 0.0692708 0.0675926 0.300758
0 0.434896 0.627778 0.0729167 0.198148 0.308098
56 0.960417 0.843518 0.0791667 0.0962963 0.340486
0 0.659115 0.630093 0.0671875 0.189815 0.341525
0 0.815365 0.574537 0.0859375 0.130556 0.360084
56 0.794271 0.949074 0.175 0.101852 0.363855
56 0.898438 0.764815 0.109375 0.0703704 0.364853
56 0.926823 0.706944 0.0942708 0.0546296 0.37157
56 0.984896 0.703241 0.0302083 0.0527778 0.376307
56 0.865365 0.658796 0.0776042 0.0472222 0.376655
63 0.683333 0.710185 0.0708333 0.0666667 0.394618
56 0.146615 0.787037 0.0359375 0.0648148 0.451661
0 0.617708 0.706019 0.078125 0.212037 0.453986
56 0.603646 0.859259 0.129167 0.0962963 0.476372
56 0.976302 0.7625 0.0473958 0.062037 0.481143
0 0.563542 0.715741 0.0708333 0.2 0.482633
0 0.724219 0.653704 0.0942708 0.168519 0.493422
56 0.791927 0.77037 0.0984375 0.0685185 0.495842
56 0.859115 0.85 0.122396 0.0962963 0.496257
56 0.640625 0.949074 0.166667 0.0981481 0.509719
63 0.51875 0.659259 0.0489583 0.0666667 0.523686
63 0.177604 0.622685 0.0583333 0.0657407 0.52562
56 0.73099 0.853704 0.133854 0.1 0.611442
0 0.0341146 0.683796 0.0671875 0.275 0.614441
0 0.142188 0.668056 0.0708333 0.182407 0.718979
0 0.0820312 0.725 0.0994792 0.207407 0.785899
0 0.470052 0.715278 0.109896 0.208333 0.792899
0 0.33776 0.709722 0.100521 0.228704 0.812366
0 0.225521 0.7125 0.140625 0.230556 0.821562
