56 0.685417 0.718056 0.0708333 0.075 0.253249
0 0.758073 0.575926 0.0536458 0.112963 0.273053
56 0.41276 0.951389 0.318229 0.0972222 0.276889
0 0.438542 0.628241 0.0770833 0.20463 0.289487
0 0.910937 0.595833 0.078125 0.156481 0.294877
0 0.366667 0.621759 0.071875 0.158333 0.296087
0 0.207552 0.552778 0.0588542 0.109259 0.303558
56 0.865365 0.658333 0.0776042 0.0462963 0.311012
56 0.690365 0.772685 0.0890625 0.062037 0.31398
56 0.795833 0.949074 0.172917 0.1 0.348323
0 0.656771 0.630556 0.0645833 0.190741 0.364261
56 0.984896 0.703241 0.0302083 0.0527778 0.366316
56 0.602865 0.859722 0.126563 0.0953704 0.377215
0 0.814323 0.574074 0.0869792 0.131481 0.389643
56 0.959896 0.843056 0.0802083 0.0953704 0.394921
63 0.522917 0.659259 0.0447917 0.0759259 0.398188
56 0.902865 0.764352 0.109896 0.0731481 0.399153
56 0.925521 0.706944 0.09375 0.0546296 0.400792
63 0.682813 0.709722 0.0666667 0.0657407 0.411307
56 0.147396 0.7875 0.0354167 0.0601852 0.420229
0 0.71849 0.656482 0.102604 0.162963 0.420922
56 0.976302 0.762037 0.0473958 0.062963 0.449938
56 0.641667 0.949074 0.167708 0.0981481 0.483565
0 0.590365 0.712037 0.121354 0.212963 0.504504
56 0.791146 0.77037 0.0979167 0.0703704 0.539763
56 0.858333 0.849074 0.122917 0.0962963 0.540248
63 0.178125 0.622222 0.0572917 0.0685185 0.581524
56 0.729948 0.853704 0.136979 0.1 0.618104
0 0.0330729 0.684722 0.0661458 0.276852 0.637535
0 0.141927 0.667593 0.0703125 0.181481 0.716413
0 0.470313 0.716667 0.109375 0.209259 0.772814
0 0.0809896 0.724537 0.101562 0.206481 0.781885
0 0.33776 0.710185 0.100521 0.227778 0.805064
0 0.226042 0.712037 0.139583 0.231481 0.814706
