0 0.0151042 0.751852 0.0291667 0.157407 0.252586
56 0.69375 0.774074 0.0947917 0.062963 0.260299
63 0.684635 0.709722 0.0692708 0.0675926 0.260508
0 0.276563 0.639352 0.0666667 0.158333 0.298732
0 0.757292 0.577778 0.0541667 0.114815 0.300853
0 0.439583 0.631944 0.0791667 0.202778 0.312956
56 0.795573 0.949074 0.170312 0.0981481 0.317162
0 0.367708 0.626852 0.071875 0.148148 0.317477
56 0.865625 0.658333 0.0770833 0.0481481 0.325193
0 0.657031 0.62963 0.0640625 0.188889 0.336012
56 0.925781 0.705556 0.0963542 0.0555556 0.354018
0 0.9 0.580556 0.065625 0.137037 0.354889
56 0.901823 0.764352 0.109896 0.0712963 0.358342
56 0.207813 0.875463 0.123958 0.100926 0.361637
56 0.976302 0.762963 0.0473958 0.0611111 0.366233
0 0.813802 0.574537 0.0848958 0.130556 0.382814
63 0.520312 0.660185 0.0510417 0.0759259 0.3905
56 0.603646 0.859259 0.126042 0.0944444 0.395312
0 0.588281 0.7125 0.117188 0.208333 0.407692
0 0.20651 0.554167 0.0661458 0.113889 0.413759
56 0.792448 0.769907 0.100521 0.0675926 0.43696
56 0.146615 0.7875 0.0369792 0.0601852 0.460933
0 0.709375 0.658333 0.121875 0.164815 0.466815
56 0.640625 0.948148 0.166667 0.0962963 0.469954
56 0.858073 0.849537 0.122396 0.0953704 0.508144
0 0.0317708 0.681481 0.059375 0.264815 0.547852
63 0.177604 0.622685 0.059375 0.0712963 0.583407
56 0.730729 0.854167 0.136458 0.0990741 0.617867
0 0.142448 0.663889 0.0703125 0.174074 0.69842
0 0.471875 0.71713 0.107292 0.200926 0.791065
0 0.08125 0.724074 0.103125 0.207407 0.803591
0 0.338281 0.709722 0.0994792 0.226852 0.814626
0 0.225521 0.710648 0.1375 0.237963 0.821551
